1 1150.0 1760.0 
2 630.0 1660.0 
3 40.0 2090.0 
4 750.0 1100.0 
5 750.0 2030.0 
6 1030.0 2070.0 
7 1650.0 650.0 
8 1490.0 1630.0 
9 790.0 2260.0 
10 710.0 1310.0 
11 840.0 550.0 
12 1170.0 2300.0 
13 970.0 1340.0 
14 510.0 700.0 
15 750.0 900.0 
16 1280.0 1200.0 
17 230.0 590.0 
18 460.0 860.0 
19 1040.0 950.0 
20 590.0 1390.0 
21 830.0 1770.0 
22 490.0 500.0 
23 1840.0 1240.0 
24 1260.0 1500.0 
25 1280.0 790.0 
26 490.0 2130.0 
27 1460.0 1420.0 
28 1260.0 1910.0 
29 360.0 1980.0 
30 760.0 630.0
31 540.0 640.0
32 310.0 200.0
33 470.0 260.0
34 900.0 260.0
35 730.0 340.0
36 920.0 340.0
37 110.0 860.0
38 1780.0 1640.0
39 230.0 1680.0
40 980.0 620.0
41 630.0 2580.0
42 730.0 480.0
43 850.0 370.0
44 420.0 880.0
45 430.0 590.0
46 320.0 100.0
47 930.0 490.0
48 280.0 590.0
49 440.0 1880.0
50 650.0 530.0
51 260.0 860.0
52 2270.0 270.0
53 300.0 510.0
54 1240.0 280.0
55 810.0 230.0
56 860.0 540.0
57 280.0 310.0
58 710.0 130.0
59 500.0 350.0
60 310.0 2560.0
61 1370.0 960.0
62 280.0 210.0
63 330.0 430.0
64 210.0 2850.0
65 320.0 740.0
66 700.0 220.0
67 880.0 330.0
68 540.0 140.0
69 850.0 280.0
70 730.0 2820.0
71 500.0 300.0
72 770.0 1240.0
73 950.0 450.0
74 2700.0 900.0
75 450.0 2310.0